v -0.2193 1.90170002 0.0136
v 0 1.90170002 0.23289999
v -0.1551 1.90170002 0.16869999
v 0.2193 1.90170002 0.0136
v 0.1551 1.90170002 0.16869999
v -0.1551 1.90170002 -0.14139999
v 0 1.90170002 -0.20559999
v 0.1551 1.90170002 -0.14139999
v -0.25119999 1.7608 0.25069999
v -0.35519999 1.7608 -0.0005
v -0.25119999 1.7608 -0.25159999
v 0 1.7608 -0.35559999
v 0.25119999 1.7608 -0.25159999
v 0 1.7608 0.35469999
v 0.25119999 1.7608 0.25069999
v 0.35519999 1.7608 -0.0005
v -0.331 1.79849994 0.0021
v -0.23379999 1.79879999 0.2359
v 0 1.79900002 0.33270001
v 0.23379999 1.79879999 0.2359
v 0.331 1.79849994 0.0021
v -0.2342 1.79830002 -0.23209999
v 0 1.79809999 -0.3292
v 0.2342 1.79830002 -0.23209999
v 0 0.93409997 -0
v -0.18539999 0.94279998 0.18379999
v -0.25549998 0.94279998 -0
v -0.1807 0.94279998 -0.1807
v 0 0.94279998 -0.25549998
v 0.1807 0.94279998 -0.1807
v 0 0.94279998 0.25549998
v 0.18539999 0.94279998 0.18379999
v 0.25549998 0.94279998 -0
v -0.2141 2.31209993 0.0167
v 0 2.31220006 0.2301
v -0.1516 2.31229996 0.16799999
v 0.2141 2.31209993 0.0167
v 0.1516 2.31229996 0.16799999
v -0.1497 2.31220006 -0.134
v 0 2.31220006 -0.1965
v 0.1497 2.31220006 -0.134
v 0.0006 2.61669993 0.147
v 0.0907 2.61669993 0.11029999
v 0.12759999 2.61669993 0.01899999
v 0.08879999 2.61669993 -0.07119999
v 0.0006 2.61669993 -0.10849999
v -0.0885 2.61669993 -0.07119999
v -0.12749999 2.61669993 0.01899999
v -0.0904 2.61669993 0.11029999
v 0.0002 2.45149993 0.2205
v -0.1472 2.4519 0.1647
v 0.1473 2.4519 0.1647
v 0.20579999 2.45099997 0.01799999
v 0.13359999 2.4512 -0.125
v 0.0002 2.4512999 -0.18389999
v -0.13359999 2.4512 -0.125
v -0.20579999 2.45099997 0.01799999
v 0.0004 2.54080009 0.2009
v -0.12659999 2.54089999 0.15289999
v 0.1268 2.54089999 0.15289999
v 0.17669999 2.54099988 0.01789999
v 0.1132 2.54080009 -0.10989999
v 0.0004 2.54080009 -0.16249999
v -0.11299999 2.54080009 -0.10989999
v -0.17669999 2.54099988 0.01789999
v 0.0008 2.64429998 0.0929
v -0.05209999 2.64429998 0.0713
v 0.05299999 2.64429998 0.0713
v 0.0745 2.64429998 0.0193
v 0.05299999 2.64429998 -0.03269999
v 0.0008 2.64429998 -0.0542
v -0.05209999 2.64429998 -0.03269999
v -0.07379999 2.64429998 0.0193
v 0.0008 2.6473999 0.0555
v -0.0251 2.6473999 0.0449
v 0.0265 2.6473999 0.0449
v 0.037 2.6473999 0.0193
v 0.0265 2.6473999 -0.0062
v 0.0008 2.6473999 -0.0167
v -0.0251 2.6473999 -0.0062
v -0.0357 2.6473999 0.0193
v 0.0002 2.85940003 0.0317
v -0.0076 2.85940003 0.0285
v 0.008 2.85940003 0.0285
v 0.0112 2.85940003 0.0208
v 0.008 2.85940003 0.0131
v 0.0002 2.85940003 0.0099
v -0.0076 2.85940003 0.0131
v -0.0108 2.85940003 0.0208
v 0.0004 2.90300011 0.0176
v 0.0004 2.89700007 0.0388
v -0.0137 2.89700007 0.033
v 0.0144 2.89700007 0.033
v 0.02019999 2.89700007 0.01909999
v 0.0144 2.89700007 0.0052
v 0.0004 2.89700007 -0.0006
v -0.0137 2.89700007 0.0052
v -0.0194 2.89700007 0.01909999
v 0.0006 2.8815999 0.04699999
v -0.0192 2.8815999 0.03889999
v 0.02019999 2.8815999 0.03889999
v 0.0283 2.8815999 0.0193
v 0.02019999 2.8815999 -0.0002
v 0.0006 2.8815999 -0.0083
v -0.0192 2.8815999 -0.0002
v -0.0273 2.8815999 0.0193
v 0.24799999 1.65279996 -0.2469
v 0.34029999 1.65289998 0.0019
v 0.25499999 1.65740001 0.2563
v 0 1.66279995 0.3429
v -0.25499999 1.65740001 0.2563
v 0 1.6624 -0.33520001
v -0.24799999 1.65279996 -0.2469
v -0.34029999 1.65289998 0.0019
v 0.1928 1.02439999 -0.18999999
v 0.27259999 1.02260005 -0.0005
v 0.19779999 1.00969994 0.19859999
v 0 1.00969994 0.2637
v -0.19779999 1.00969994 0.19859999
v 0 1.03349995 -0.27270001
v -0.1928 1.02439999 -0.18999999
v -0.27259999 1.02260005 -0.0005
v 0 1.6322 0.34209999
v 0 1.04040002 0.2703
v 0.1755 1.04040002 0.2158
v 0.23049999 1.6322 0.2705
v -0.23049999 1.6322 0.2705
v -0.1755 1.04040002 0.2158
v 0.2449 1.64619994 0.2581
v 0.18729999 1.02639997 0.2008
v 0 1.64619994 0.33419999
v 0 1.02639997 0.259
v -0.18729999 1.02639997 0.2008
v -0.2449 1.64619994 0.2581
v 0.0004 2.69009995 0.0385
v -0.0123 2.69009995 0.0333
v 0.0129 2.69009995 0.0333
v 0.0181 2.69009995 0.0208
v 0.0129 2.69009995 0.0083
v 0.0004 2.69009995 0.0032
v -0.0123 2.69009995 0.0083
v -0.0175 2.69009995 0.0208
v 0.0009 2.66799998 0.0586
v -0.0273 2.66799998 0.0471
v 0.0287 2.66799998 0.0471
v 0.04019999 2.66799998 0.0194
v 0.0287 2.66799998 -0.0083
v 0.0009 2.66799998 -0.0198
v -0.0273 2.66799998 -0.0083
v -0.0388 2.66799998 0.0194
v 0.2354 0.94279998 -0.09749999
v 0.2511 1.02690005 -0.10119999
v 0.2354 0.94279998 0.09749999
v 0.2511 1.02020001 0.09969999
v 0.09749999 0.94279998 0.2353
v 0.10059999 1.00969994 0.24279999
v -0.09749999 0.94279998 0.2353
v -0.10059999 1.00969994 0.24279999
v 0.09749999 0.94279998 -0.2354
v 0.10599999 1.0302 -0.25119999
v -0.09749999 0.94279998 -0.2354
v -0.10599999 1.0302 -0.25119999
v -0.2353 0.94279998 -0.09749999
v -0.2511 1.02690005 -0.10119999
v -0.2353 0.94279998 0.09749999
v -0.2511 1.02020001 0.09969999
v -0.30469998 1.79869997 0.12829999
v -0.2019 1.90170002 0.09719999
v -0.1261 1.7989 0.3066
v -0.0836 1.90170002 0.21559999
v 0.30469998 1.79869997 0.12829999
v 0.202 1.90170002 0.09719999
v 0.1261 1.7989 0.3066
v 0.0837 1.90170002 0.21559999
v -0.305 1.79840004 -0.1242
v -0.2019 1.90170002 -0.07
v -0.12639999 1.79820001 -0.303
v -0.0836 1.90170002 -0.18829999
v 0.12639999 1.79820001 -0.303
v 0.0837 1.90170002 -0.18829999
v 0.305 1.79840004 -0.1242
v 0.202 1.90170002 -0.07
v -0.3504 1.77419996 0.0001
v -0.3271 1.7608 0.135
v -0.2476 1.77439999 0.2477
v -0.3226 1.77429997 0.13369999
v -0.24789999 1.77400004 -0.2477
v -0.3271 1.7608 -0.136
v -0.32280001 1.77409994 -0.13359999
v 0 1.77400004 -0.35049998
v -0.13549999 1.7608 -0.3276
v -0.13369999 1.77400004 -0.32280001
v 0.24789999 1.77400004 -0.2477
v 0.13549999 1.7608 -0.3276
v 0.13369999 1.77400004 -0.32280001
v -0.13549999 1.7608 0.3267
v 0 1.77450001 0.35019999
v -0.13359999 1.77450001 0.32249999
v 0.3271 1.7608 0.135
v 0.3504 1.77419996 0.0001
v 0.2476 1.77439999 0.2477
v 0.3226 1.77429997 0.13369999
v 0.13549999 1.7608 0.3267
v 0.13359999 1.77450001 0.32249999
v 0.3271 1.7608 -0.136
v 0.32280001 1.77409994 -0.13359999
v 0.17759999 0.93849998 0.17679999
v 0.24799999 0.93849998 -0
v 0.2284 0.93849998 0.09459999
v 0 0.93849998 0.24799999
v 0.09459999 0.93849998 0.2284
v -0.17759999 0.93849998 0.17679999
v -0.09459999 0.93849998 0.2284
v -0.24799999 0.93849998 -0
v -0.2284 0.93849998 0.09459999
v -0.1754 0.93849998 -0.1754
v -0.2284 0.93849998 -0.09459999
v 0 0.93849998 -0.24799999
v -0.09459999 0.93849998 -0.2284
v 0.1754 0.93849998 -0.1754
v 0.09459999 0.93849998 -0.2284
v 0.2284 0.93849998 -0.09459999
v 0.09809999 0.93409997 0.09809999
v 0.13869999 0.93409997 -0
v 0.14769999 0.93409997 0.0612
v 0 0.93409997 0.13869999
v 0.0612 0.93409997 0.14769999
v -0.09809999 0.93409997 0.09809999
v -0.0612 0.93409997 0.14769999
v -0.13869999 0.93409997 -0
v -0.14769999 0.93409997 0.0612
v -0.09809999 0.93409997 -0.09809999
v -0.14769999 0.93409997 -0.0612
v 0 0.93409997 -0.13869999
v -0.0612 0.93409997 -0.14769999
v 0.09809999 0.93409997 -0.09809999
v 0.0612 0.93409997 -0.14769999
v 0.14769999 0.93409997 -0.0612
v -0.08179999 2.31220006 0.2134
v 0.0001 2.4052 0.22619999
v -0.0793 2.45169997 0.2062
v -0.1506 2.40549993 0.16689999
v -0.0812 2.40540003 0.2106
v -0.0484 2.61669993 0.1373
v 0.0007 2.63560009 0.1184
v -0.0277 2.64429998 0.08709999
v -0.0705 2.63560009 0.08929999
v -0.03759999 2.63560009 0.1105
v 0.08179999 2.31220006 0.2134
v 0.1507 2.40549993 0.16689999
v 0.07959999 2.45169997 0.2062
v 0.08129999 2.40540003 0.2106
v 0.0493 2.61669993 0.1373
v 0.071 2.63560009 0.08929999
v 0.02899999 2.64429998 0.08709999
v 0.03869999 2.63560009 0.1105
v 0.1975 2.31220006 0.09839999
v 0.2117 2.40490007 0.0176
v 0.19169999 2.45149993 0.0974
v 0.19619999 2.4052 0.0983
v 0.11789999 2.61669993 0.0683
v 0.1 2.63560009 0.0192
v 0.0687 2.64429998 0.0474
v 0.0922 2.63560009 0.057
v 0.19619999 2.31209993 -0.0647
v 0.1429 2.40499997 -0.12989999
v 0.1826 2.45110011 -0.0595
v 0.191 2.40490007 -0.06219999
v 0.11659999 2.61669993 -0.0298
v 0.071 2.63560009 -0.05079999
v 0.0687 2.64429998 -0.0088
v 0.0922 2.63560009 -0.0186
v 0.08049999 2.31220006 -0.1796
v 0.0001 2.4051001 -0.19089999
v 0.0705 2.4512999 -0.16799999
v 0.07609999 2.4051001 -0.1745
v 0.048 2.61669993 -0.09849999
v 0.0007 2.63560009 -0.0798
v 0.02899999 2.64429998 -0.0484
v 0.03869999 2.63560009 -0.07199999
v -0.08049999 2.31220006 -0.1796
v -0.1428 2.40499997 -0.12989999
v -0.0702 2.4512999 -0.16799999
v -0.07599999 2.4051001 -0.1745
v -0.0472 2.61669993 -0.09849999
v -0.0705 2.63560009 -0.05079999
v -0.0277 2.64429998 -0.0484
v -0.03759999 2.63560009 -0.07199999
v -0.19619999 2.31209993 -0.0647
v -0.2117 2.40490007 0.0176
v -0.1826 2.45110011 -0.0595
v -0.191 2.40490007 -0.06219999
v -0.11649999 2.61669993 -0.0298
v -0.0996 2.63560009 0.0192
v -0.068 2.64429998 -0.0088
v -0.09179999 2.63560009 -0.0186
v -0.1975 2.31220006 0.09839999
v -0.19169999 2.45149993 0.0974
v -0.19619999 2.4052 0.0983
v -0.11779999 2.61669993 0.0683
v -0.068 2.64429998 0.0474
v -0.09179999 2.63560009 0.057
v 0.0003 2.49690008 0.21379999
v -0.06809999 2.54089999 0.18919999
v -0.1392 2.49710011 0.16159999
v -0.0749 2.49699997 0.2008
v 0.1393 2.49710011 0.16159999
v 0.06859999 2.54089999 0.18919999
v 0.0753 2.49699997 0.2008
v 0.1941 2.49670004 0.01789999
v 0.1649 2.54099988 0.09089999
v 0.18119999 2.49690008 0.0957
v 0.1237 2.49670004 -0.11949999
v 0.1558 2.54089999 -0.0518
v 0.1708 2.49659991 -0.05689999
v 0.0003 2.49670004 -0.1761
v 0.05959999 2.54080009 -0.1483
v 0.0649 2.49670004 -0.16079999
v -0.12359999 2.49670004 -0.11949999
v -0.059 2.54080009 -0.1483
v -0.06459999 2.49670004 -0.16079999
v -0.1941 2.49670004 0.01789999
v -0.1558 2.54089999 -0.0518
v -0.1708 2.49659991 -0.05689999
v -0.1649 2.54099988 0.09089999
v -0.18119999 2.49690008 0.0957
v 0.0005 2.58290004 0.17659999
v -0.1098 2.58299994 0.13369999
v -0.05889999 2.58290004 0.1658
v 0.10989999 2.58299994 0.13369999
v 0.05959999 2.58290004 0.1658
v 0.15379999 2.58310008 0.0184
v 0.1429 2.58299994 0.0807
v 0.1022 2.58299994 -0.09239999
v 0.13779999 2.58299994 -0.0418
v 0.0005 2.58290004 -0.13799999
v 0.05449999 2.58290004 -0.12569999
v -0.10199999 2.58299994 -0.09239999
v -0.0538 2.58290004 -0.12569999
v -0.15379999 2.58310008 0.0184
v -0.13779999 2.58299994 -0.0418
v -0.1429 2.58299994 0.0807
v -0.0132 2.6473999 0.0526
v 0.0147 2.6473999 0.0526
v 0.0342 2.6473999 0.0331
v 0.0342 2.6473999 0.0056
v 0.0147 2.6473999 -0.0139
v -0.0132 2.6473999 -0.0139
v -0.0329 2.6473999 0.0056
v -0.0329 2.6473999 0.0331
v 0.0009 2.65779995 0.05779999
v -0.0143 2.66799998 0.0555
v -0.02669999 2.65779995 0.04659999
v -0.014 2.65779995 0.0548
v 0.0282 2.65779995 0.04659999
v 0.0159 2.66799998 0.0555
v 0.0156 2.65779995 0.0548
v 0.0394 2.65779995 0.0194
v 0.03709999 2.66799998 0.03429999
v 0.0364 2.65779995 0.034
v 0.0282 2.65779995 -0.0078
v 0.03709999 2.66799998 0.0044
v 0.0364 2.65779995 0.0047
v 0.0009 2.65779995 -0.01899999
v 0.0159 2.66799998 -0.0167
v 0.0156 2.65779995 -0.016
v -0.02669999 2.65779995 -0.0078
v -0.0143 2.66799998 -0.0167
v -0.014 2.65779995 -0.016
v -0.03799999 2.65779995 0.0194
v -0.0357 2.66799998 0.0044
v -0.035 2.65779995 0.0047
v -0.0357 2.66799998 0.03429999
v -0.035 2.65779995 0.034
v -0.0074 2.89680004 0.0377
v 0.0004 2.90129995 0.0302
v -0.0082 2.90129995 0.02669999
v -0.0049 2.90070009 0.03119999
v -0.004 2.85940003 0.0309
v 0.0005 2.87179994 0.04459999
v -0.0101 2.8815999 0.04479999
v -0.0176 2.87179994 0.0372
v -0.0092 2.87179994 0.04259999
v 0.0082 2.89680004 0.0377
v 0.0089 2.90129995 0.02669999
v 0.0057 2.90070009 0.03119999
v 0.0044 2.85940003 0.0309
v 0.0184 2.87179994 0.0372
v 0.0112 2.8815999 0.04479999
v 0.0102 2.87179994 0.04259999
v 0.01909999 2.89680004 0.02679999
v 0.0124 2.90129995 0.0182
v 0.0132 2.90070009 0.0237
v 0.0103 2.85940003 0.025
v 0.0258 2.87179994 0.0193
v 0.0261 2.8815999 0.02989999
v 0.0238 2.87179994 0.02899999
v 0.01909999 2.89680004 0.0114
v 0.0089 2.90120005 0.0098
v 0.0132 2.90070009 0.0132
v 0.0103 2.85940003 0.0166
v 0.0184 2.87179994 0.0015
v 0.0261 2.8815999 0.0088
v 0.0238 2.87179994 0.0097
v 0.0082 2.89680004 0.0006
v 0.0004 2.90120005 0.0063
v 0.0057 2.90070009 0.0057
v 0.0044 2.85940003 0.0108
v 0.0005 2.87179994 -0.0059
v 0.0112 2.8815999 -0.0061
v 0.0102 2.87179994 -0.0039
v -0.0074 2.89680004 0.0006
v -0.0082 2.90120005 0.0098
v -0.0049 2.90070009 0.0057
v -0.004 2.85940003 0.0108
v -0.0176 2.87179994 0.0015
v -0.0101 2.8815999 -0.0061
v -0.0092 2.87179994 -0.0039
v -0.0183 2.89680004 0.0114
v -0.0117 2.90120005 0.0182
v -0.0125 2.90070009 0.0132
v -0.01 2.85940003 0.0166
v -0.025 2.87179994 0.0193
v -0.0252 2.8815999 0.0088
v -0.023 2.87179994 0.0097
v -0.0183 2.89680004 0.02679999
v -0.0125 2.90070009 0.0237
v -0.01 2.85940003 0.025
v -0.0252 2.8815999 0.02989999
v -0.023 2.87179994 0.02899999
v 0.0005 2.8901999 0.04479999
v -0.0177 2.8901999 0.0373
v -0.0093 2.8901999 0.0428
v 0.0185 2.8901999 0.0373
v 0.0102 2.8901999 0.0428
v 0.026 2.8901999 0.0193
v 0.024 2.8901999 0.02899999
v 0.0185 2.8901999 0.0014
v 0.024 2.8901999 0.0097
v 0.0005 2.8901999 -0.006
v 0.0102 2.8901999 -0.004
v -0.0177 2.8901999 0.0014
v -0.0093 2.8901999 -0.004
v -0.0251 2.8901999 0.0193
v -0.0231 2.8901999 0.0097
v -0.0231 2.8901999 0.02899999
v 0.3084 1.65729999 -0.1262
v 0.3154 1.65190005 0.127
v 0.13099999 1.66279995 0.31569999
v -0.13089999 1.66279995 0.31569999
v 0.13199999 1.66159999 -0.31679999
v -0.13199999 1.66159999 -0.31679999
v -0.3084 1.65729999 -0.1262
v -0.3154 1.65190005 0.127
v 0.1224 1.64619994 0.30880001
v 0.1153 1.6322 0.31819999
v 0.09359999 1.02639997 0.2396
v 0.0878 1.04040002 0.25209999
v -0.09359999 1.02639997 0.2396
v -0.0877 1.04040002 0.25209999
v -0.1224 1.64619994 0.30880001
v -0.11519999 1.6322 0.31819999
v -0.0064 2.69009995 0.03709999
v 0.0072 2.69009995 0.03709999
v 0.0167 2.69009995 0.0275
v 0.0167 2.69009995 0.0141
v 0.0072 2.69009995 0.0046
v -0.0064 2.69009995 0.0046
v -0.0161 2.69009995 0.0141
v -0.0161 2.69009995 0.0275
v 0.0018 2.67779994 0.05629999
v -0.0244 2.67860007 0.04549999
v -0.0133 2.6782 0.05339999
v 0.02569999 2.67860007 0.04549999
v 0.0147 2.6782999 0.05339999
v 0.0355 2.6789 0.0194
v 0.0329 2.6788001 0.0335
v 0.02569999 2.67860007 -0.0067
v 0.0329 2.6788001 0.0053
v 0.0018 2.67779994 -0.0175
v 0.0147 2.6782999 -0.0146
v -0.0244 2.67860007 -0.0067
v -0.0133 2.6782 -0.0146
v -0.03429999 2.6789 0.0194
v -0.0317 2.6788001 0.0053
v -0.0317 2.6788001 0.0335
v -0.1744 1.40380001 0.25350001
v -0.15279999 1.41349995 0.2626
v -0.1307 1.40380001 0.2703
v -0.18279999 1.38049995 0.24819999
v -0.12089999 1.38039994 0.27200001
v -0.17309999 1.35710001 0.24989999
v -0.1509 1.34739995 0.25749999
v -0.12929999 1.35710001 0.2667
v -0.1824 1.40149998 0.27540001
v -0.1612 1.41100001 0.28439998
v -0.1394 1.40139997 0.2919
v -0.1298 1.37849998 0.29359999
v -0.13809999 1.35559999 0.28839999
v -0.15929999 1.34609997 0.27939999
v -0.18109999 1.35559999 0.27189999
v -0.19059999 1.37849998 0.27020001
v -0.1825 1.39699995 0.28589999
v -0.1649 1.40299999 0.2942
v -0.1464 1.39690005 0.2998
v -0.18799999 1.37759995 0.2831
v -0.1646 1.37750005 0.29319998
v -0.1404 1.37759995 0.30129998
v -0.1814 1.35839998 0.28299999
v -0.16339999 1.35220003 0.29019999
v -0.1453 1.35839998 0.29679998
v -0.1727 1.40840005 0.27970001
v -0.1646 1.41089999 0.2579
v -0.14949999 1.40840005 0.28870001
v -0.1409 1.41089999 0.26699999
v -0.13259999 1.39090001 0.29359999
v -0.1237 1.393 0.27200001
v -0.13189999 1.36609995 0.2917
v -0.123 1.36779999 0.27000001
v -0.14779999 1.34860003 0.284
v -0.1392 1.35000002 0.26219999
v -0.171 1.34860003 0.27509999
v -0.16279999 1.35000002 0.25319999
v -0.1879 1.36609995 0.27020001
v -0.18 1.36779999 0.24809999
v -0.1886 1.39090001 0.2721
v -0.1807 1.39310002 0.25009998
v -0.17569999 1.40100002 0.28979998
v -0.1639 1.40849995 0.2915
v -0.184 1.39960002 0.28299999
v -0.17479999 1.40610003 0.28709998
v -0.15399999 1.40100002 0.29820001
v -0.14329999 1.39960002 0.29859998
v -0.15289999 1.40610003 0.29550001
v -0.1426 1.38919997 0.30149999
v -0.13429999 1.3779 0.30019998
v -0.13689999 1.38960003 0.30019998
v -0.142 1.36600005 0.29969999
v -0.1421 1.35619998 0.29519999
v -0.13619999 1.36619997 0.29840001
v -0.1527 1.3542 0.29460001
v -0.1621 1.34720003 0.28670001
v -0.15119999 1.34959995 0.29109999
v -0.1744 1.3542 0.28619998
v -0.18269999 1.35619998 0.27959999
v -0.17309999 1.34959995 0.2827
v -0.18569999 1.36600005 0.2829
v -0.19169999 1.3779 0.27810001
v -0.18909999 1.36619997 0.27810001
v -0.18639999 1.38919997 0.2847
v -0.18979999 1.38960003 0.27990001
v -0.1778 1.37750005 0.2881
v -0.165 1.39170002 0.29429999
v -0.1772 1.39049994 0.28949999
v -0.15129999 1.37750005 0.29829999
v -0.15279999 1.39049994 0.2989
v -0.16419999 1.36339998 0.29210001
v -0.1764 1.36450004 0.28749999
v -0.15199999 1.36450004 0.2969
v -0.1509 0.1304 0.06589999
v -0.15899999 0.16429999 0.0572
v -0.18539999 0.16429999 0.0745
v -0.18129999 0.1304 0.0858
v -0.21619999 0.16429999 0.08089999
v -0.2167 0.1304 0.09319999
v -0.18539999 0.19599999 0.0745
v -0.21619999 0.19599999 0.08089999
v -0.15899999 0.19599999 0.0572
v -0.24699999 0.16429999 0.0745
v -0.2522 0.1304 0.0858
v -0.2734 0.16429999 0.0572
v -0.28249999 0.1304 0.06589999
v -0.24699999 0.19599999 0.0745
v -0.2734 0.19599999 0.0572
v -0.29069998 0.16429999 0.0308
v -0.30250001 0.1304 0.0355
v -0.2971 0.16429999 -0
v -0.30979999 0.1304 0.0001
v -0.29069998 0.19599999 0.0308
v -0.2971 0.19599999 -0
v -0.29069998 0.16429999 -0.0309
v -0.30250001 0.1304 -0.0355
v -0.2734 0.16429999 -0.0572
v -0.28249999 0.1304 -0.0657
v -0.29069998 0.19599999 -0.0309
v -0.2734 0.19599999 -0.0572
v -0.24699999 0.16429999 -0.0745
v -0.2522 0.1304 -0.0856
v -0.21619999 0.16429999 -0.08089999
v -0.2167 0.1304 -0.093
v -0.24699999 0.19599999 -0.0745
v -0.21619999 0.19599999 -0.08089999
v -0.18539999 0.16429999 -0.0745
v -0.18129999 0.1304 -0.0856
v -0.15899999 0.16429999 -0.0572
v -0.1509 0.1304 -0.0657
v -0.18539999 0.19599999 -0.0745
v -0.15899999 0.19599999 -0.0572
v -0.1418 0.16429999 -0.0309
v -0.13109999 0.1304 -0.0355
v -0.13539999 0.16429999 -0
v -0.1237 0.1304 0.0001
v -0.1418 0.19599999 -0.0309
v -0.13539999 0.19599999 -0
v -0.1418 0.16429999 0.0308
v -0.13109999 0.1304 0.0355
v -0.1418 0.19599999 0.0308
v -0.07069999 -0.05299999 0.15009999
v -0.0653 -0.0487 0.1515
v -0.135 -0.0487 0.1973
v -0.13789999 -0.0526 0.19599999
v -0.2166 -0.0487 0.2142
v -0.2166 -0.05209999 0.2133
v -0.13629999 -0.03269999 0.1941
v -0.2166 -0.03269999 0.2108
v -0.06769999 -0.03269999 0.149
v -0.29829999 -0.0487 0.1973
v -0.29539999 -0.0517 0.19689999
v -0.368 -0.0487 0.1515
v -0.36259999 -0.05119999 0.1516
v -0.29699999 -0.03269999 0.1941
v -0.36559999 -0.03269999 0.149
v -0.4138 -0.0487 0.08179999
v -0.4068 -0.05099999 0.0824
v -0.4309 -0.0487 0.0001
v -0.42320001 -0.05079999 0.0011
v -0.41069999 -0.03269999 0.08039999
v -0.4273 -0.03269999 0.0001
v -0.4138 -0.0487 -0.0816
v -0.4068 -0.05099999 -0.0802
v -0.368 -0.0487 -0.1514
v -0.36259999 -0.05119999 -0.15
v -0.41069999 -0.03269999 -0.0802
v -0.36559999 -0.03269999 -0.1488
v -0.29829999 -0.0487 -0.19709999
v -0.29539999 -0.0517 -0.19589999
v -0.2166 -0.0487 -0.2141
v -0.2166 -0.05209999 -0.2131
v -0.29699999 -0.03269999 -0.1939
v -0.2166 -0.03269999 -0.2106
v -0.135 -0.0487 -0.19709999
v -0.13789999 -0.0526 -0.1967
v -0.0653 -0.0487 -0.1514
v -0.07069999 -0.05299999 -0.1515
v -0.13629999 -0.03269999 -0.1939
v -0.06769999 -0.03269999 -0.1488
v -0.0195 -0.0487 -0.0816
v -0.0266 -0.0533 -0.08219999
v -0.0027 -0.0487 0.0001
v -0.0103 -0.05339999 -0.001
v -0.0227 -0.03269999 -0.0802
v -0.0061 -0.03269999 0.0001
v -0.0195 -0.0487 0.08179999
v -0.0266 -0.0533 0.08039999
v -0.0227 -0.03269999 0.08039999
v -0.1365 0.78030002 0.0572
v -0.1177 0.9052 0.0572
v -0.14409999 0.9052 0.0745
v -0.1629 0.78030002 0.0745
v -0.17489999 0.9052 0.08089999
v -0.1937 0.78030002 0.08089999
v -0.11689999 0.97140002 0.0745
v -0.14769999 0.97140002 0.08089999
v -0.09049999 0.97140002 0.0572
v -0.20569999 0.9052 0.0745
v -0.2245 0.78030002 0.0745
v -0.23209999 0.9052 0.0572
v -0.2509 0.78030002 0.0572
v -0.17849999 0.97140002 0.0745
v -0.20489999 0.97140002 0.0572
v -0.2494 0.9052 0.0308
v -0.26820001 0.78030002 0.0308
v -0.2558 0.9052 -0
v -0.27459999 0.78030002 -0
v -0.2222 0.97140002 0.0308
v -0.22859999 0.97140002 -0
v -0.2494 0.9052 -0.0309
v -0.26820001 0.78030002 -0.0309
v -0.23209999 0.9052 -0.0572
v -0.2509 0.78030002 -0.0572
v -0.2222 0.97140002 -0.0309
v -0.20489999 0.97140002 -0.0572
v -0.20569999 0.9052 -0.0745
v -0.2245 0.78030002 -0.0745
v -0.17489999 0.9052 -0.08089999
v -0.1937 0.78030002 -0.08089999
v -0.17849999 0.97140002 -0.0745
v -0.14769999 0.97140002 -0.08089999
v -0.14409999 0.9052 -0.0745
v -0.1629 0.78030002 -0.0745
v -0.1177 0.9052 -0.0572
v -0.1365 0.78030002 -0.0572
v -0.11689999 0.97140002 -0.0745
v -0.09049999 0.97140002 -0.0572
v -0.1005 0.9052 -0.0309
v -0.1193 0.78030002 -0.0309
v -0.09409999 0.9052 -0
v -0.11289999 0.78030002 -0
v -0.07329999 0.97140002 -0.0309
v -0.0669 0.97140002 -0
v -0.1005 0.9052 0.0308
v -0.1193 0.78030002 0.0308
v -0.07329999 0.97140002 0.0308
v -0.15899999 0.3481 0.0572
v -0.15899999 0.4535 0.0572
v -0.18539999 0.4535 0.0745
v -0.18539999 0.3481 0.0745
v -0.21619999 0.4535 0.08089999
v -0.21619999 0.3481 0.08089999
v -0.18 0.5647 0.0745
v -0.2108 0.5647 0.08089999
v -0.1536 0.5647 0.0572
v -0.24699999 0.4535 0.0745
v -0.24699999 0.3481 0.0745
v -0.2734 0.4535 0.0572
v -0.2734 0.3481 0.0572
v -0.2416 0.5647 0.0745
v -0.268 0.5647 0.0572
v -0.29069998 0.4535 0.0308
v -0.29069998 0.3481 0.0308
v -0.2971 0.4535 -0
v -0.2971 0.3481 -0
v -0.28529998 0.5647 0.0308
v -0.2917 0.5647 -0
v -0.29069998 0.4535 -0.0309
v -0.29069998 0.3481 -0.0309
v -0.2734 0.4535 -0.0572
v -0.2734 0.3481 -0.0572
v -0.28529998 0.5647 -0.0309
v -0.268 0.5647 -0.0572
v -0.24699999 0.4535 -0.0745
v -0.24699999 0.3481 -0.0745
v -0.21619999 0.4535 -0.08089999
v -0.21619999 0.3481 -0.08089999
v -0.2416 0.5647 -0.0745
v -0.2108 0.5647 -0.08089999
v -0.18539999 0.4535 -0.0745
v -0.18539999 0.3481 -0.0745
v -0.15899999 0.4535 -0.0572
v -0.15899999 0.3481 -0.0572
v -0.18 0.5647 -0.0745
v -0.1536 0.5647 -0.0572
v -0.1418 0.4535 -0.0309
v -0.1418 0.3481 -0.0309
v -0.13539999 0.4535 -0
v -0.13539999 0.3481 -0
v -0.13639999 0.5647 -0.0309
v -0.12999999 0.5647 -0
v -0.1418 0.4535 0.0308
v -0.1418 0.3481 0.0308
v -0.13639999 0.5647 0.0308
v -0.14499999 0.67019999 0.0572
v -0.17139999 0.67019999 0.0745
v -0.20219999 0.67019999 0.08089999
v -0.23299999 0.67019999 0.0745
v -0.25940001 0.67019999 0.0572
v -0.27669999 0.67019999 0.0308
v -0.2831 0.67019999 -0
v -0.27669999 0.67019999 -0.0309
v -0.25940001 0.67019999 -0.0572
v -0.23299999 0.67019999 -0.0745
v -0.20219999 0.67019999 -0.08089999
v -0.17139999 0.67019999 -0.0745
v -0.14499999 0.67019999 -0.0572
v -0.1278 0.67019999 -0.0309
v -0.12139999 0.67019999 -0
v -0.1278 0.67019999 0.0308
v -0.13539999 0.2597 -0
v -0.1418 0.2597 0.0308
v -0.15899999 0.2597 0.0572
v -0.15899999 0.2597 -0.0572
v -0.1418 0.2597 -0.0309
v -0.21619999 0.2597 -0.08089999
v -0.18539999 0.2597 -0.0745
v -0.2734 0.2597 -0.0572
v -0.24699999 0.2597 -0.0745
v -0.2971 0.2597 -0
v -0.29069998 0.2597 -0.0309
v -0.2734 0.2597 0.0572
v -0.29069998 0.2597 0.0308
v -0.21619999 0.2597 0.08089999
v -0.24699999 0.2597 0.0745
v -0.18539999 0.2597 0.0745
v -0.07769999 0.0017 0.1391
v -0.1417 0.0017 0.18109999
v -0.2166 0.0017 0.1967
v -0.15119999 0.045 0.15809999
v -0.2167 0.045 0.1717
v -0.09539999 0.045 0.12139999
v -0.29159998 0.0017 0.18109999
v -0.35559999 0.0017 0.1391
v -0.28209999 0.045 0.15809999
v -0.33790001 0.045 0.12139999
v -0.39770001 0.0017 0.07509999
v -0.4133 0.0017 0.0001
v -0.37459999 0.045 0.06539999
v -0.38820001 0.045 0.0001
v -0.39770001 0.0017 -0.0749
v -0.35559999 0.0017 -0.13889999
v -0.37459999 0.045 -0.0653
v -0.33790001 0.045 -0.1212
v -0.29159998 0.0017 -0.18089999
v -0.2166 0.0017 -0.1966
v -0.28209999 0.045 -0.1579
v -0.2167 0.045 -0.17149999
v -0.1417 0.0017 -0.18089999
v -0.07769999 0.0017 -0.13889999
v -0.15119999 0.045 -0.1579
v -0.09539999 0.045 -0.1212
v -0.0357 0.0017 -0.0749
v -0.02019999 0.0017 0.0001
v -0.0588 0.045 -0.0653
v -0.04529999 0.045 0.0001
v -0.0357 0.0017 0.07509999
v -0.0588 0.045 0.06539999
v -0.1212 0.0878 0.0956
v -0.16519999 0.0878 0.1246
v -0.2167 0.0878 0.13529999
v -0.26829999 0.0878 0.1246
v -0.31220001 0.0878 0.0956
v -0.3411 0.0878 0.0516
v -0.35179999 0.0878 0.0001
v -0.3411 0.0878 -0.0515
v -0.31220001 0.0878 -0.09539999
v -0.26829999 0.0878 -0.12439999
v -0.2167 0.0878 -0.1351
v -0.16519999 0.0878 -0.12439999
v -0.1212 0.0878 -0.09539999
v -0.09229999 0.0878 -0.0515
v -0.0816 0.0878 0.0001
v -0.09229999 0.0878 0.0516
v -0.2167 -0.05209999 0.0001
v 0.1509 0.1304 0.06589999
v 0.18129999 0.1304 0.0858
v 0.18539999 0.16429999 0.0745
v 0.15899999 0.16429999 0.0572
v 0.2167 0.1304 0.09319999
v 0.21619999 0.16429999 0.08089999
v 0.21619999 0.19599999 0.08089999
v 0.18539999 0.19599999 0.0745
v 0.15899999 0.19599999 0.0572
v 0.2522 0.1304 0.0858
v 0.24699999 0.16429999 0.0745
v 0.28249999 0.1304 0.06589999
v 0.2734 0.16429999 0.0572
v 0.2734 0.19599999 0.0572
v 0.24699999 0.19599999 0.0745
v 0.30250001 0.1304 0.0355
v 0.29069998 0.16429999 0.0308
v 0.30979999 0.1304 0.0001
v 0.2971 0.16429999 -0
v 0.2971 0.19599999 -0
v 0.29069998 0.19599999 0.0308
v 0.30250001 0.1304 -0.0355
v 0.29069998 0.16429999 -0.0309
v 0.28249999 0.1304 -0.0657
v 0.2734 0.16429999 -0.0572
v 0.2734 0.19599999 -0.0572
v 0.29069998 0.19599999 -0.0309
v 0.2522 0.1304 -0.0856
v 0.24699999 0.16429999 -0.0745
v 0.2167 0.1304 -0.093
v 0.21619999 0.16429999 -0.08089999
v 0.21619999 0.19599999 -0.08089999
v 0.24699999 0.19599999 -0.0745
v 0.18129999 0.1304 -0.0856
v 0.18539999 0.16429999 -0.0745
v 0.1509 0.1304 -0.0657
v 0.15899999 0.16429999 -0.0572
v 0.15899999 0.19599999 -0.0572
v 0.18539999 0.19599999 -0.0745
v 0.13109999 0.1304 -0.0355
v 0.1418 0.16429999 -0.0309
v 0.1237 0.1304 0.0001
v 0.13539999 0.16429999 -0
v 0.13539999 0.19599999 -0
v 0.1418 0.19599999 -0.0309
v 0.13109999 0.1304 0.0355
v 0.1418 0.16429999 0.0308
v 0.1418 0.19599999 0.0308
v 0.07069999 -0.05299999 0.15009999
v 0.13789999 -0.0526 0.19599999
v 0.135 -0.0487 0.1973
v 0.0653 -0.0487 0.1515
v 0.2166 -0.05209999 0.2133
v 0.2166 -0.0487 0.2142
v 0.2166 -0.03269999 0.2108
v 0.13629999 -0.03269999 0.1941
v 0.06769999 -0.03269999 0.149
v 0.29539999 -0.0517 0.19689999
v 0.29829999 -0.0487 0.1973
v 0.36259999 -0.05119999 0.1516
v 0.368 -0.0487 0.1515
v 0.36559999 -0.03269999 0.149
v 0.29699999 -0.03269999 0.1941
v 0.4068 -0.05099999 0.0824
v 0.4138 -0.0487 0.08179999
v 0.42320001 -0.05079999 0.0011
v 0.4309 -0.0487 0.0001
v 0.4273 -0.03269999 0.0001
v 0.41069999 -0.03269999 0.08039999
v 0.4068 -0.05099999 -0.0802
v 0.4138 -0.0487 -0.0816
v 0.36259999 -0.05119999 -0.15
v 0.368 -0.0487 -0.1514
v 0.36559999 -0.03269999 -0.1488
v 0.41069999 -0.03269999 -0.0802
v 0.29539999 -0.0517 -0.19589999
v 0.29829999 -0.0487 -0.19709999
v 0.2166 -0.05209999 -0.2131
v 0.2166 -0.0487 -0.2141
v 0.2166 -0.03269999 -0.2106
v 0.29699999 -0.03269999 -0.1939
v 0.13789999 -0.0526 -0.1967
v 0.135 -0.0487 -0.19709999
v 0.07069999 -0.05299999 -0.1515
v 0.0653 -0.0487 -0.1514
v 0.06769999 -0.03269999 -0.1488
v 0.13629999 -0.03269999 -0.1939
v 0.0266 -0.0533 -0.08219999
v 0.0195 -0.0487 -0.0816
v 0.0103 -0.05339999 -0.001
v 0.0027 -0.0487 0.0001
v 0.0061 -0.03269999 0.0001
v 0.0227 -0.03269999 -0.0802
v 0.0266 -0.0533 0.08039999
v 0.0195 -0.0487 0.08179999
v 0.0227 -0.03269999 0.08039999
v 0.1365 0.78030002 0.0572
v 0.1629 0.78030002 0.0745
v 0.14409999 0.9052 0.0745
v 0.1177 0.9052 0.0572
v 0.1937 0.78030002 0.08089999
v 0.17489999 0.9052 0.08089999
v 0.14769999 0.97140002 0.08089999
v 0.11689999 0.97140002 0.0745
v 0.09049999 0.97140002 0.0572
v 0.2245 0.78030002 0.0745
v 0.20569999 0.9052 0.0745
v 0.2509 0.78030002 0.0572
v 0.23209999 0.9052 0.0572
v 0.20489999 0.97140002 0.0572
v 0.17849999 0.97140002 0.0745
v 0.26820001 0.78030002 0.0308
v 0.2494 0.9052 0.0308
v 0.27459999 0.78030002 -0
v 0.2558 0.9052 -0
v 0.22859999 0.97140002 -0
v 0.2222 0.97140002 0.0308
v 0.26820001 0.78030002 -0.0309
v 0.2494 0.9052 -0.0309
v 0.2509 0.78030002 -0.0572
v 0.23209999 0.9052 -0.0572
v 0.20489999 0.97140002 -0.0572
v 0.2222 0.97140002 -0.0309
v 0.2245 0.78030002 -0.0745
v 0.20569999 0.9052 -0.0745
v 0.1937 0.78030002 -0.08089999
v 0.17489999 0.9052 -0.08089999
v 0.14769999 0.97140002 -0.08089999
v 0.17849999 0.97140002 -0.0745
v 0.1629 0.78030002 -0.0745
v 0.14409999 0.9052 -0.0745
v 0.1365 0.78030002 -0.0572
v 0.1177 0.9052 -0.0572
v 0.09049999 0.97140002 -0.0572
v 0.11689999 0.97140002 -0.0745
v 0.1193 0.78030002 -0.0309
v 0.1005 0.9052 -0.0309
v 0.11289999 0.78030002 -0
v 0.09409999 0.9052 -0
v 0.0669 0.97140002 -0
v 0.07329999 0.97140002 -0.0309
v 0.1193 0.78030002 0.0308
v 0.1005 0.9052 0.0308
v 0.07329999 0.97140002 0.0308
v 0.15899999 0.3481 0.0572
v 0.18539999 0.3481 0.0745
v 0.18539999 0.4535 0.0745
v 0.15899999 0.4535 0.0572
v 0.21619999 0.3481 0.08089999
v 0.21619999 0.4535 0.08089999
v 0.2108 0.5647 0.08089999
v 0.18 0.5647 0.0745
v 0.1536 0.5647 0.0572
v 0.24699999 0.3481 0.0745
v 0.24699999 0.4535 0.0745
v 0.2734 0.3481 0.0572
v 0.2734 0.4535 0.0572
v 0.268 0.5647 0.0572
v 0.2416 0.5647 0.0745
v 0.29069998 0.3481 0.0308
v 0.29069998 0.4535 0.0308
v 0.2971 0.3481 -0
v 0.2971 0.4535 -0
v 0.2917 0.5647 -0
v 0.28529998 0.5647 0.0308
v 0.29069998 0.3481 -0.0309
v 0.29069998 0.4535 -0.0309
v 0.2734 0.3481 -0.0572
v 0.2734 0.4535 -0.0572
v 0.268 0.5647 -0.0572
v 0.28529998 0.5647 -0.0309
v 0.24699999 0.3481 -0.0745
v 0.24699999 0.4535 -0.0745
v 0.21619999 0.3481 -0.08089999
v 0.21619999 0.4535 -0.08089999
v 0.2108 0.5647 -0.08089999
v 0.2416 0.5647 -0.0745
v 0.18539999 0.3481 -0.0745
v 0.18539999 0.4535 -0.0745
v 0.15899999 0.3481 -0.0572
v 0.15899999 0.4535 -0.0572
v 0.1536 0.5647 -0.0572
v 0.18 0.5647 -0.0745
v 0.1418 0.3481 -0.0309
v 0.1418 0.4535 -0.0309
v 0.13539999 0.3481 -0
v 0.13539999 0.4535 -0
v 0.12999999 0.5647 -0
v 0.13639999 0.5647 -0.0309
v 0.1418 0.3481 0.0308
v 0.1418 0.4535 0.0308
v 0.13639999 0.5647 0.0308
v 0.17139999 0.67019999 0.0745
v 0.14499999 0.67019999 0.0572
v 0.20219999 0.67019999 0.08089999
v 0.23299999 0.67019999 0.0745
v 0.25940001 0.67019999 0.0572
v 0.27669999 0.67019999 0.0308
v 0.2831 0.67019999 -0
v 0.27669999 0.67019999 -0.0309
v 0.25940001 0.67019999 -0.0572
v 0.23299999 0.67019999 -0.0745
v 0.20219999 0.67019999 -0.08089999
v 0.17139999 0.67019999 -0.0745
v 0.14499999 0.67019999 -0.0572
v 0.1278 0.67019999 -0.0309
v 0.12139999 0.67019999 -0
v 0.1278 0.67019999 0.0308
v 0.1418 0.2597 0.0308
v 0.13539999 0.2597 -0
v 0.15899999 0.2597 0.0572
v 0.1418 0.2597 -0.0309
v 0.15899999 0.2597 -0.0572
v 0.18539999 0.2597 -0.0745
v 0.21619999 0.2597 -0.08089999
v 0.24699999 0.2597 -0.0745
v 0.2734 0.2597 -0.0572
v 0.29069998 0.2597 -0.0309
v 0.2971 0.2597 -0
v 0.29069998 0.2597 0.0308
v 0.2734 0.2597 0.0572
v 0.24699999 0.2597 0.0745
v 0.21619999 0.2597 0.08089999
v 0.18539999 0.2597 0.0745
v 0.1417 0.0017 0.18109999
v 0.07769999 0.0017 0.1391
v 0.2166 0.0017 0.1967
v 0.2167 0.045 0.1717
v 0.15119999 0.045 0.15809999
v 0.09539999 0.045 0.12139999
v 0.29159998 0.0017 0.18109999
v 0.35559999 0.0017 0.1391
v 0.33790001 0.045 0.12139999
v 0.28209999 0.045 0.15809999
v 0.39770001 0.0017 0.07509999
v 0.4133 0.0017 0.0001
v 0.38820001 0.045 0.0001
v 0.37459999 0.045 0.06539999
v 0.39770001 0.0017 -0.0749
v 0.35559999 0.0017 -0.13889999
v 0.33790001 0.045 -0.1212
v 0.37459999 0.045 -0.0653
v 0.29159998 0.0017 -0.18089999
v 0.2166 0.0017 -0.1966
v 0.2167 0.045 -0.17149999
v 0.28209999 0.045 -0.1579
v 0.1417 0.0017 -0.18089999
v 0.07769999 0.0017 -0.13889999
v 0.09539999 0.045 -0.1212
v 0.15119999 0.045 -0.1579
v 0.0357 0.0017 -0.0749
v 0.02019999 0.0017 0.0001
v 0.04529999 0.045 0.0001
v 0.0588 0.045 -0.0653
v 0.0357 0.0017 0.07509999
v 0.0588 0.045 0.06539999
v 0.16519999 0.0878 0.1246
v 0.1212 0.0878 0.0956
v 0.2167 0.0878 0.13529999
v 0.26829999 0.0878 0.1246
v 0.31220001 0.0878 0.0956
v 0.3411 0.0878 0.0516
v 0.35179999 0.0878 0.0001
v 0.3411 0.0878 -0.0515
v 0.31220001 0.0878 -0.09539999
v 0.26829999 0.0878 -0.12439999
v 0.2167 0.0878 -0.1351
v 0.16519999 0.0878 -0.12439999
v 0.1212 0.0878 -0.09539999
v 0.09229999 0.0878 -0.0515
v 0.0816 0.0878 0.0001
v 0.09229999 0.0878 0.0516
v 0.2167 -0.05209999 0.0001
v -0.26300001 1.6171 0.0572
v -0.27630001 1.66939997 0.08089999
v -0.28960001 1.72160005 0.0572
v -0.2576 1.5956 -0
v -0.2951 1.74329996 -0
v -0.26309999 1.61720001 -0.0572
v -0.27630001 1.66939997 -0.08089999
v -0.28960001 1.72169995 -0.0572
v -0.78250002 1.06719994 0.06589999
v -0.83810001 1.10249996 0.09319999
v -0.89359998 1.13779997 0.066
v -0.9167 1.15240001 0.0002
v -0.8937 1.13779997 -0.0657
v -0.83810001 1.10249996 -0.0929
v -0.78250002 1.06719994 -0.0657
v -0.75959998 1.05270004 0.0001
v -0.4002 1.64349997 0.08089999
v -0.36790001 1.5963 0.0572
v -0.4325 1.69070005 0.0572
v -0.4458 1.71029996 -0
v -0.4325 1.69070005 -0.0572
v -0.4002 1.64349997 -0.08089999
v -0.36790001 1.5963 -0.0572
v -0.35460001 1.57679998 -0
v -0.72100001 1.28600001 0.08089999
v -0.67269998 1.25530004 0.0572
v -0.76929998 1.31669998 0.0573
v -0.78930002 1.32939994 0.0001
v -0.76929998 1.31669998 -0.0571
v -0.72100001 1.28600001 -0.08089999
v -0.67269998 1.25539994 -0.0572
v -0.65280002 1.24269998 -0
v -0.60030001 1.46599996 0.08089999
v -0.55199998 1.43529999 0.0572
v -0.64859998 1.49660003 0.0573
v -0.66860002 1.50929999 0.0001
v -0.64859998 1.49660003 -0.0571
v -0.60039997 1.46599996 -0.08089999
v -0.5521 1.43529999 -0.0572
v -0.53210002 1.42270004 -0
v -0.80250001 1.15760004 0.081
v -0.75419998 1.12689995 0.0572
v -0.85079997 1.18830001 0.0573
v -0.87080001 1.20099997 0.0001
v -0.85079997 1.18830001 -0.0571
v -0.80250001 1.15760004 -0.08079999
v -0.75429999 1.12689995 -0.0572
v -0.73430001 1.11430001 -0
v -0.92369997 0.96109998 0.1649
v -0.82550001 0.89869999 0.11659999
v -1.02209997 1.02359998 0.11659999
v -1.06280005 1.04939997 0.0002
v -1.02219998 1.02359998 -0.1162
v -0.92379999 0.96109998 -0.1646
v -0.82550001 0.89869999 -0.1163
v -0.78479999 0.8729 0.0001
v -1.02789998 1.0101 0.11869999
v -1.06770002 1.03569996 0.001
v -0.93190002 0.9483 0.16689999
v -0.83600002 0.8865 0.1175
v -0.79629999 0.861 -0.0007
v -0.83600002 0.8865 -0.1184
v -0.93199998 0.9483 -0.1666
v -1.02799999 1.0101 -0.1171
v -0.80809998 1.08350002 0.0859
v -0.77649998 1.14110004 0.0745
v -0.86799997 1.12150001 0.0859
v -0.82849997 1.17410004 0.0746
v -0.91039997 1.14849996 0.03559999
v -0.86540001 1.19749999 0.0309
v -0.91049999 1.14849996 -0.03539999
v -0.86540001 1.19749999 -0.0308
v -0.86799997 1.12150001 -0.0856
v -0.82849997 1.17410004 -0.0744
v -0.8082 1.08350002 -0.0856
v -0.77649998 1.14110004 -0.0745
v -0.76579999 1.05659997 -0.03539999
v -0.73970001 1.11769998 -0.0309
v -0.76579999 1.05659997 0.03559999
v -0.73970001 1.11769998 0.0308
v -0.88010001 0.91500002 0.1534
v -0.93040001 0.95050001 0.1676
v -0.8707 0.92739999 0.1518
v -0.83060002 0.88709998 0.1185
v -0.87660002 0.91640001 0.1544
v -0.98369997 0.98159998 0.15399999
v -1.03040003 1.01400005 0.1186
v -0.97680002 0.99479997 0.15189999
v -0.98439997 0.98479998 0.1544
v -1.05700004 1.02880001 0.06449999
v -1.07190001 1.04040002 0.0002
v -1.05190002 1.04250001 0.063
v -1.06070005 1.03320002 0.06409999
v -1.05700004 1.02880001 -0.0626
v -1.03050005 1.01400005 -0.11819999
v -1.05190002 1.04250001 -0.0626
v -1.06070005 1.03320002 -0.06369999
v -0.98379999 0.98159998 -0.15309999
v -0.93049997 0.95060002 -0.1673
v -0.97689998 0.99479997 -0.1515
v -0.98439997 0.98479998 -0.15399999
v -0.88020002 0.91500002 -0.15369999
v -0.83060002 0.88719999 -0.11829999
v -0.87080001 0.92750001 -0.1516
v -0.87669998 0.91640001 -0.1541
v -0.80699998 0.86790001 -0.06419999
v -0.78930002 0.86089998 0.0001
v -0.79579997 0.87989997 -0.0627
v -0.80040001 0.86799997 -0.0638
v -0.80699998 0.86790001 0.06289999
v -0.79579997 0.87989997 0.06289999
v -0.8003 0.86790001 0.064
v -0.38280001 1.61810004 0.0745
v -0.3224 1.6602 0.08089999
v -0.26919999 1.64129996 0.0745
v -0.3091 1.60800004 0.0572
v -0.3152 1.63209998 0.0745
v -0.4176 1.66890001 0.0745
v -0.33559998 1.71249997 0.0572
v -0.28349998 1.69749999 0.0745
v -0.32949999 1.68840003 0.0745
v -0.4422 1.70500004 0.0308
v -0.3411 1.73409998 -0
v -0.29359999 1.73740005 0.0308
v -0.33959999 1.72829997 0.0308
v -0.4422 1.70500004 -0.0309
v -0.33559998 1.71249997 -0.0572
v -0.29359999 1.73749995 -0.0309
v -0.33959999 1.72829997 -0.0309
v -0.4176 1.66890001 -0.0745
v -0.3224 1.6602 -0.08089999
v -0.28349998 1.6976 -0.0745
v -0.32949999 1.68840003 -0.0745
v -0.38280001 1.61810004 -0.0745
v -0.3091 1.60800004 -0.0572
v -0.26919999 1.64129996 -0.0745
v -0.3152 1.63209998 -0.0745
v -0.35820001 1.58210003 -0.0309
v -0.30360001 1.58640003 -0
v -0.25909999 1.60150003 -0.0309
v -0.30509999 1.59230005 -0.0309
v -0.35820001 1.58210003 0.0308
v -0.25909999 1.60140001 0.0308
v -0.30509999 1.59230005 0.0308
v -0.69499999 1.26950001 0.0745
v -0.66449999 1.375 0.08089999
v -0.57429999 1.44949996 0.0745
v -0.61619997 1.34430003 0.0572
v -0.63849997 1.3585 0.0745
v -0.74699997 1.30250001 0.0746
v -0.71280002 1.40559995 0.0573
v -0.62629997 1.48249995 0.0745
v -0.69050002 1.39149999 0.0746
v -0.78390002 1.32589995 0.0309
v -0.7328 1.41830003 0.0001
v -0.66320002 1.50590002 0.0309
v -0.7274 1.41489994 0.0309
v -0.78390002 1.32589995 -0.0308
v -0.71280002 1.40569996 -0.0571
v -0.66320002 1.50590002 -0.0308
v -0.7274 1.41489994 -0.0308
v -0.74699997 1.30250001 -0.0744
v -0.66449999 1.375 -0.08089999
v -0.62639999 1.48249995 -0.0745
v -0.69050002 1.39149999 -0.0744
v -0.69499999 1.26950001 -0.0745
v -0.61619997 1.34430003 -0.0572
v -0.5744 1.44949996 -0.0745
v -0.63849997 1.3585 -0.0745
v -0.65820002 1.24609994 -0.0309
v -0.5963 1.33169996 -0
v -0.53750002 1.42610001 -0.0309
v -0.6017 1.33510005 -0.0309
v -0.65820002 1.24609994 0.0308
v -0.53750002 1.42610001 0.0308
v -0.6017 1.33510005 0.0308
v -0.49630001 1.57130003 0.08089999
v -0.4634 1.52450001 0.0572
v -0.47859999 1.54610002 0.0745
v -0.52920001 1.61810004 0.0572
v -0.51399999 1.59650003 0.0745
v -0.5428 1.63750004 -0
v -0.53909999 1.63230001 0.0308
v -0.52920001 1.61810004 -0.0572
v -0.5392 1.63230001 -0.0309
v -0.49630001 1.57140004 -0.08089999
v -0.51399999 1.59650003 -0.0745
v -0.4634 1.52460002 -0.0572
v -0.47859999 1.54620003 -0.0745
v -0.44980001 1.50530004 -0
v -0.4535 1.51049995 -0.0309
v -0.4535 1.51049995 0.0308
v -0.72009998 1.18069994 0.0572
v -0.70020002 1.16809999 -0
v -0.70560002 1.17149996 0.0308
v -0.72009998 1.18069994 -0.0572
v -0.70560002 1.17149996 -0.0309
v -0.76840001 1.21140003 -0.08079999
v -0.74239999 1.19490003 -0.0745
v -0.81669998 1.24199998 -0.0571
v -0.79439997 1.22790002 -0.0744
v -0.83670002 1.25469994 0.0001
v -0.83130002 1.25129997 -0.0308
v -0.81669998 1.24199998 0.0573
v -0.83130002 1.25129997 0.0309
v -0.76840001 1.21140003 0.081
v -0.79439997 1.22790002 0.0746
v -0.74239999 1.19490003 0.0745
v -0.86089998 1.06659996 0.13539999
v -0.7802 1.01540005 0.0956
v -0.81730002 1.03890001 0.1246
v -0.9415 1.11769998 0.0957
v -0.90439999 1.09420001 0.1247
v -0.9749 1.13900005 0.0002
v -0.9659 1.13320004 0.0517
v -0.9415 1.11779999 -0.09529999
v -0.9659 1.13320004 -0.05139999
v -0.86089998 1.06659996 -0.1351
v -0.90439999 1.09420001 -0.1243
v -0.78030002 1.01540005 -0.09539999
v -0.81739997 1.03890001 -0.12439999
v -0.7468 0.99419999 0.0001
v -0.75590002 0.99989998 -0.05139999
v -0.75590002 0.99989998 0.0517
v -0.93199998 0.9483 0.0002
v 0.26300001 1.6171 0.0572
v 0.27630001 1.66939997 0.08089999
v 0.28960001 1.72160005 0.0572
v 0.2576 1.5956 -0
v 0.2951 1.74329996 -0
v 0.26309999 1.61720001 -0.0572
v 0.27630001 1.66939997 -0.08089999
v 0.28960001 1.72169995 -0.0572
v 0.78250002 1.06719994 0.06589999
v 0.83810001 1.10249996 0.09319999
v 0.89359998 1.13779997 0.066
v 0.9167 1.15240001 0.0002
v 0.8937 1.13779997 -0.0657
v 0.83810001 1.10249996 -0.0929
v 0.78250002 1.06719994 -0.0657
v 0.75959998 1.05270004 0.0001
v 0.4002 1.64349997 0.08089999
v 0.36790001 1.5963 0.0572
v 0.4325 1.69070005 0.0572
v 0.4458 1.71029996 -0
v 0.4325 1.69070005 -0.0572
v 0.4002 1.64349997 -0.08089999
v 0.36790001 1.5963 -0.0572
v 0.35460001 1.57679998 -0
v 0.72100001 1.28600001 0.08089999
v 0.67269998 1.25530004 0.0572
v 0.76929998 1.31669998 0.0573
v 0.78930002 1.32939994 0.0001
v 0.76929998 1.31669998 -0.0571
v 0.72100001 1.28600001 -0.08089999
v 0.67269998 1.25539994 -0.0572
v 0.65280002 1.24269998 -0
v 0.60030001 1.46599996 0.08089999
v 0.55199998 1.43529999 0.0572
v 0.64859998 1.49660003 0.0573
v 0.66860002 1.50929999 0.0001
v 0.64859998 1.49660003 -0.0571
v 0.60039997 1.46599996 -0.08089999
v 0.5521 1.43529999 -0.0572
v 0.53210002 1.42270004 -0
v 0.80250001 1.15760004 0.081
v 0.75419998 1.12689995 0.0572
v 0.85079997 1.18830001 0.0573
v 0.87080001 1.20099997 0.0001
v 0.85079997 1.18830001 -0.0571
v 0.80250001 1.15760004 -0.08079999
v 0.75429999 1.12689995 -0.0572
v 0.73430001 1.11430001 -0
v 0.92369997 0.96109998 0.1649
v 0.82550001 0.89869999 0.11659999
v 1.02209997 1.02359998 0.11659999
v 1.06280005 1.04939997 0.0002
v 1.02219998 1.02359998 -0.1162
v 0.92379999 0.96109998 -0.1646
v 0.82550001 0.89869999 -0.1163
v 0.78479999 0.8729 0.0001
v 1.02789998 1.0101 0.11869999
v 1.06770002 1.03569996 0.001
v 0.93190002 0.9483 0.16689999
v 0.83600002 0.8865 0.1175
v 0.79629999 0.861 -0.0007
v 0.83600002 0.8865 -0.1184
v 0.93199998 0.9483 -0.1666
v 1.02799999 1.0101 -0.1171
v 0.80809998 1.08350002 0.0859
v 0.77649998 1.14110004 0.0745
v 0.86799997 1.12150001 0.0859
v 0.82849997 1.17410004 0.0746
v 0.91039997 1.14849996 0.03559999
v 0.86540001 1.19749999 0.0309
v 0.91049999 1.14849996 -0.03539999
v 0.86540001 1.19749999 -0.0308
v 0.86799997 1.12150001 -0.0856
v 0.82849997 1.17410004 -0.0744
v 0.8082 1.08350002 -0.0856
v 0.77649998 1.14110004 -0.0745
v 0.76579999 1.05659997 -0.03539999
v 0.73970001 1.11769998 -0.0309
v 0.76579999 1.05659997 0.03559999
v 0.73970001 1.11769998 0.0308
v 0.88010001 0.91500002 0.1534
v 0.93040001 0.95050001 0.1676
v 0.8707 0.92739999 0.1518
v 0.83060002 0.88709998 0.1185
v 0.87660002 0.91640001 0.1544
v 0.98369997 0.98159998 0.15399999
v 1.03040003 1.01400005 0.1186
v 0.97680002 0.99479997 0.15189999
v 0.98439997 0.98479998 0.1544
v 1.05700004 1.02880001 0.06449999
v 1.07190001 1.04040002 0.0002
v 1.05190002 1.04250001 0.063
v 1.06070005 1.03320002 0.06409999
v 1.05700004 1.02880001 -0.0626
v 1.03050005 1.01400005 -0.11819999
v 1.05190002 1.04250001 -0.0626
v 1.06070005 1.03320002 -0.06369999
v 0.98379999 0.98159998 -0.15309999
v 0.93049997 0.95060002 -0.1673
v 0.97689998 0.99479997 -0.1515
v 0.98439997 0.98479998 -0.15399999
v 0.88020002 0.91500002 -0.15369999
v 0.83060002 0.88719999 -0.11829999
v 0.87080001 0.92750001 -0.1516
v 0.87669998 0.91640001 -0.1541
v 0.80699998 0.86790001 -0.06419999
v 0.78930002 0.86089998 0.0001
v 0.79579997 0.87989997 -0.0627
v 0.80040001 0.86799997 -0.0638
v 0.80699998 0.86790001 0.06289999
v 0.79579997 0.87989997 0.06289999
v 0.8003 0.86790001 0.064
v 0.38280001 1.61810004 0.0745
v 0.3224 1.6602 0.08089999
v 0.26919999 1.64129996 0.0745
v 0.3091 1.60800004 0.0572
v 0.3152 1.63209998 0.0745
v 0.4176 1.66890001 0.0745
v 0.33559998 1.71249997 0.0572
v 0.28349998 1.69749999 0.0745
v 0.32949999 1.68840003 0.0745
v 0.4422 1.70500004 0.0308
v 0.3411 1.73409998 -0
v 0.29359999 1.73740005 0.0308
v 0.33959999 1.72829997 0.0308
v 0.4422 1.70500004 -0.0309
v 0.33559998 1.71249997 -0.0572
v 0.29359999 1.73749995 -0.0309
v 0.33959999 1.72829997 -0.0309
v 0.4176 1.66890001 -0.0745
v 0.3224 1.6602 -0.08089999
v 0.28349998 1.6976 -0.0745
v 0.32949999 1.68840003 -0.0745
v 0.38280001 1.61810004 -0.0745
v 0.3091 1.60800004 -0.0572
v 0.26919999 1.64129996 -0.0745
v 0.3152 1.63209998 -0.0745
v 0.35820001 1.58210003 -0.0309
v 0.30360001 1.58640003 -0
v 0.25909999 1.60150003 -0.0309
v 0.30509999 1.59230005 -0.0309
v 0.35820001 1.58210003 0.0308
v 0.25909999 1.60140001 0.0308
v 0.30509999 1.59230005 0.0308
v 0.69499999 1.26950001 0.0745
v 0.66449999 1.375 0.08089999
v 0.57429999 1.44949996 0.0745
v 0.61619997 1.34430003 0.0572
v 0.63849997 1.3585 0.0745
v 0.74699997 1.30250001 0.0746
v 0.71280002 1.40559995 0.0573
v 0.62629997 1.48249995 0.0745
v 0.69050002 1.39149999 0.0746
v 0.78390002 1.32589995 0.0309
v 0.7328 1.41830003 0.0001
v 0.66320002 1.50590002 0.0309
v 0.7274 1.41489994 0.0309
v 0.78390002 1.32589995 -0.0308
v 0.71280002 1.40569996 -0.0571
v 0.66320002 1.50590002 -0.0308
v 0.7274 1.41489994 -0.0308
v 0.74699997 1.30250001 -0.0744
v 0.66449999 1.375 -0.08089999
v 0.62639999 1.48249995 -0.0745
v 0.69050002 1.39149999 -0.0744
v 0.69499999 1.26950001 -0.0745
v 0.61619997 1.34430003 -0.0572
v 0.5744 1.44949996 -0.0745
v 0.63849997 1.3585 -0.0745
v 0.65820002 1.24609994 -0.0309
v 0.5963 1.33169996 -0
v 0.53750002 1.42610001 -0.0309
v 0.6017 1.33510005 -0.0309
v 0.65820002 1.24609994 0.0308
v 0.53750002 1.42610001 0.0308
v 0.6017 1.33510005 0.0308
v 0.49630001 1.57130003 0.08089999
v 0.4634 1.52450001 0.0572
v 0.47859999 1.54610002 0.0745
v 0.52920001 1.61810004 0.0572
v 0.51399999 1.59650003 0.0745
v 0.5428 1.63750004 -0
v 0.53909999 1.63230001 0.0308
v 0.52920001 1.61810004 -0.0572
v 0.5392 1.63230001 -0.0309
v 0.49630001 1.57140004 -0.08089999
v 0.51399999 1.59650003 -0.0745
v 0.4634 1.52460002 -0.0572
v 0.47859999 1.54620003 -0.0745
v 0.44980001 1.50530004 -0
v 0.4535 1.51049995 -0.0309
v 0.4535 1.51049995 0.0308
v 0.72009998 1.18069994 0.0572
v 0.70020002 1.16809999 -0
v 0.70560002 1.17149996 0.0308
v 0.72009998 1.18069994 -0.0572
v 0.70560002 1.17149996 -0.0309
v 0.76840001 1.21140003 -0.08079999
v 0.74239999 1.19490003 -0.0745
v 0.81669998 1.24199998 -0.0571
v 0.79439997 1.22790002 -0.0744
v 0.83670002 1.25469994 0.0001
v 0.83130002 1.25129997 -0.0308
v 0.81669998 1.24199998 0.0573
v 0.83130002 1.25129997 0.0309
v 0.76840001 1.21140003 0.081
v 0.79439997 1.22790002 0.0746
v 0.74239999 1.19490003 0.0745
v 0.86089998 1.06659996 0.13539999
v 0.7802 1.01540005 0.0956
v 0.81730002 1.03890001 0.1246
v 0.9415 1.11769998 0.0957
v 0.90439999 1.09420001 0.1247
v 0.9749 1.13900005 0.0002
v 0.9659 1.13320004 0.0517
v 0.9415 1.11779999 -0.09529999
v 0.9659 1.13320004 -0.05139999
v 0.86089998 1.06659996 -0.1351
v 0.90439999 1.09420001 -0.1243
v 0.78030002 1.01540005 -0.09539999
v 0.81739997 1.03890001 -0.12439999
v 0.7468 0.99419999 0.0001
v 0.75590002 0.99989998 -0.05139999
v 0.75590002 0.99989998 0.0517
v 0.93199998 0.9483 0.0002
v -0.84299999 0.89829999 0.0876
v -0.87260001 0.91699999 0.1021
v -0.90210002 0.93580001 0.0877
v -0.83079999 0.8905 0.0527
v -0.91430002 0.94349998 0.0527
v -0.84310001 0.89829999 0.0177
v -0.87260001 0.91699999 0.0032
v -0.90210002 0.93580001 0.0177
v -0.96119999 0.717 0.0851
v -0.99129998 0.73000001 0.096
v -1.01590001 0.75169998 0.0851
v -0.95480001 0.70679998 0.0527
v -0.99489998 0.72430002 0.0527
v -1.02789998 0.75319999 0.0527
v -0.96119999 0.717 0.0203
v -0.99129998 0.73000001 0.0094
v -1.01590001 0.75169998 0.0203
v -0.85659998 0.90689998 0.0982
v -0.88849997 0.9271 0.0982
v -0.91100001 0.94139999 0.0715
v -0.91100001 0.94139999 0.03379999
v -0.88849997 0.9271 0.0071
v -0.8567 0.90689998 0.0071
v -0.8341 0.8926 0.03379999
v -0.8341 0.8926 0.0715
v -0.97460001 0.71929997 0.0925
v -0.98570001 0.73879998 0.1021
v -0.9562 0.72000002 0.0876
v -0.96979999 0.72869998 0.0982
v -1.00810003 0.74059999 0.0925
v -1.01520001 0.75749999 0.0877
v -1.00160002 0.74889999 0.0982
v -1.02499997 0.75129997 0.07249999
v -1.02750003 0.76529997 0.0527
v -1.02419996 0.76319998 0.07159999
v -1.02499997 0.75129997 0.0328
v -1.01530003 0.75749999 0.0177
v -1.02419996 0.76319998 0.03379999
v -1.00810003 0.74059999 0.0128
v -0.98570001 0.73879998 0.0032
v -1.00170004 0.74889999 0.0071
v -0.97460001 0.71929997 0.0128
v -0.9562 0.72000002 0.0177
v -0.96979999 0.72869998 0.0071
v -0.95770001 0.70859998 0.0328
v -0.944 0.7123 0.0527
v -0.94730001 0.71439999 0.03379999
v -0.95770001 0.70859998 0.07249999
v -0.94730001 0.71439999 0.0715
v -0.97399997 0.71109998 0.0527
v -0.99489998 0.72430002 0.07739999
v -0.97570002 0.71210002 0.0754
v -1.01579999 0.73760002 0.0527
v -1.01409995 0.73659998 0.07549999
v -0.99489998 0.72439998 0.02789999
v -0.97570002 0.71210002 0.02989999
v -1.01409995 0.73659998 0.02989999
v -0.97140002 0.72970002 -0.0858
v -0.97469997 0.73180002 -0.0669
v -0.86150002 0.91000002 -0.0669
v -0.85820001 0.90789997 -0.0858
v -0.98360002 0.73750001 -0.05079999
v -0.87050002 0.91570001 -0.05079999
v -1.0223 0.74180001 -0.1105
v -1.04159998 0.754 -0.10849999
v -1.04320001 0.75499999 -0.0858
v -1.0223 0.74180001 -0.0858
v -1.05239999 0.76880002 -0.10559999
v -1.05529999 0.77060002 -0.0858
v -0.98509997 0.72600001 -0.06589999
v -0.98860001 0.73439997 -0.05339999
v -0.98220002 0.72420001 -0.0858
v -1.03550005 0.75800001 -0.12559999
v -1.04330003 0.76910001 -0.11819999
v -1.01880002 0.74739998 -0.12909999
v -0.98360002 0.73750001 -0.1208
v -0.97469997 0.73180002 -0.10469999
v -0.86150002 0.91000002 -0.10469999
v -0.87050002 0.91570001 -0.1208
v -0.98509997 0.72600001 -0.10559999
v -1.00310003 0.72960001 -0.10859999
v -1.00139999 0.7285 -0.0858
v -0.98860001 0.73439997 -0.11819999
v -1.00199997 0.73680001 -0.12559999
v -1.01320004 0.75620001 -0.13519999
v -0.99720001 0.7461 -0.1313
v -0.88410002 0.92430001 -0.1313
v -0.89999997 0.93440002 -0.13529999
v -1.0223 0.74180001 -0.061
v -1.04149997 0.754 -0.063
v -1.03550005 0.75800001 -0.04589999
v -1.0187 0.74739998 -0.0425
v -1.05239999 0.76880002 -0.06589999
v -1.04330003 0.76910001 -0.05339999
v -1.04270005 0.77490001 -0.1207
v -1.02909994 0.76630002 -0.1313
v -0.91589999 0.94450002 -0.1313
v -0.92949998 0.95319998 -0.1208
v -1.00310003 0.72949999 -0.063
v -1.00199997 0.73669999 -0.04589999
v -0.99720001 0.7461 -0.04019999
v -1.01310002 0.75620001 -0.0363
v -0.89999997 0.93440002 -0.0363
v -0.88410002 0.92430001 -0.04019999
v -1.02909994 0.76630002 -0.04019999
v -1.04270005 0.77490001 -0.05079999
v -0.92949998 0.95319998 -0.05079999
v -0.91589999 0.94450002 -0.04019999
v -1.05159997 0.78060001 -0.0669
v -1.05490005 0.7827 -0.0858
v -0.94179999 0.9609 -0.0858
v -0.93849998 0.95880001 -0.0669
v -1.05159997 0.78060001 -0.10459999
v -0.93849998 0.95880001 -0.10459999
v -1.06599998 0.78979998 0.0197
v -1.06930005 0.79189997 0.0385
v -0.9562 0.97009998 0.0385
v -0.95289999 0.96799999 0.0196
v -1.07829999 0.79750001 0.0546
v -0.96509999 0.97579997 0.0546
v -1.11699998 0.80190002 -0.0051
v -1.13619995 0.81410002 -0.0031
v -1.13779997 0.81510001 0.0197
v -1.11699998 0.80190002 0.0197
v -1.14699995 0.82880002 -0.0002
v -1.14989996 0.83069998 0.0197
v -1.07969999 0.78609997 0.0395
v -1.08329999 0.79449999 0.05209999
v -1.0769 0.78430002 0.0197
v -1.13020002 0.81809997 -0.02019999
v -1.13800001 0.82920002 -0.0127
v -1.11339998 0.8075 -0.0236
v -1.07829999 0.79759997 -0.0153
v -1.06930005 0.79189997 0.0008
v -0.9562 0.97009998 0.0008
v -0.96509999 0.97579997 -0.0153
v -1.07969999 0.78609997 -0.0002
v -1.0977 0.78960001 -0.0031
v -1.09609997 0.78860002 0.0197
v -1.08329999 0.79449999 -0.0127
v -1.09660005 0.79680001 -0.02019999
v -1.1078 0.81629997 -0.0298
v -1.09189999 0.80620002 -0.0259
v -0.97869998 0.98439997 -0.0259
v -0.99470001 0.99449998 -0.0298
v -1.11699998 0.80180001 0.04439999
v -1.13619995 0.81410002 0.0425
v -1.13010001 0.81809997 0.0595
v -1.11339998 0.8075 0.063
v -1.14699995 0.82880002 0.0395
v -1.13800001 0.82920002 0.05209999
v -1.13730001 0.83499997 -0.0153
v -1.12370002 0.82639998 -0.0259
v -1.01059997 1.00460004 -0.0259
v -1.02419996 1.01329994 -0.0153
v -1.0977 0.78960001 0.04239999
v -1.09660005 0.79680001 0.0595
v -1.09189999 0.80620002 0.0652
v -1.1078 0.81629997 0.0691
v -0.99459999 0.99449998 0.0691
v -0.97869998 0.98439997 0.0652
v -1.12370002 0.82639998 0.0652
v -1.13730001 0.83499997 0.05469999
v -1.02419996 1.01329994 0.0546
v -1.01059997 1.00460004 0.0652
v -1.14629995 0.84069997 0.0386
v -1.14960002 0.84280002 0.0197
v -1.03639996 1.02100002 0.0197
v -1.0331 1.01890003 0.0385
v -1.14629995 0.84069997 0.0008
v -1.0331 1.01890003 0.0008
v 0.84299999 0.89829999 0.0876
v 0.87260001 0.91699999 0.1021
v 0.90210002 0.93580001 0.0877
v 0.83079999 0.8905 0.0527
v 0.91430002 0.94349998 0.0527
v 0.84310001 0.89829999 0.0177
v 0.87260001 0.91699999 0.0032
v 0.90210002 0.93580001 0.0177
v 0.96119999 0.717 0.0851
v 0.99129998 0.73000001 0.096
v 1.01590001 0.75169998 0.0851
v 0.95480001 0.70679998 0.0527
v 0.99489998 0.72430002 0.0527
v 1.02789998 0.75319999 0.0527
v 0.96119999 0.717 0.0203
v 0.99129998 0.73000001 0.0094
v 1.01590001 0.75169998 0.0203
v 0.85659998 0.90689998 0.0982
v 0.88849997 0.9271 0.0982
v 0.91100001 0.94139999 0.0715
v 0.91100001 0.94139999 0.03379999
v 0.88849997 0.9271 0.0071
v 0.8567 0.90689998 0.0071
v 0.8341 0.8926 0.03379999
v 0.8341 0.8926 0.0715
v 0.97460001 0.71929997 0.0925
v 0.98570001 0.73879998 0.1021
v 0.9562 0.72000002 0.0876
v 0.96979999 0.72869998 0.0982
v 1.00810003 0.74059999 0.0925
v 1.01520001 0.75749999 0.0877
v 1.00160002 0.74889999 0.0982
v 1.02499997 0.75129997 0.07249999
v 1.02750003 0.76529997 0.0527
v 1.02419996 0.76319998 0.07159999
v 1.02499997 0.75129997 0.0328
v 1.01530003 0.75749999 0.0177
v 1.02419996 0.76319998 0.03379999
v 1.00810003 0.74059999 0.0128
v 0.98570001 0.73879998 0.0032
v 1.00170004 0.74889999 0.0071
v 0.97460001 0.71929997 0.0128
v 0.9562 0.72000002 0.0177
v 0.96979999 0.72869998 0.0071
v 0.95770001 0.70859998 0.0328
v 0.944 0.7123 0.0527
v 0.94730001 0.71439999 0.03379999
v 0.95770001 0.70859998 0.07249999
v 0.94730001 0.71439999 0.0715
v 0.97399997 0.71109998 0.0527
v 0.99489998 0.72430002 0.07739999
v 0.97570002 0.71210002 0.0754
v 1.01579999 0.73760002 0.0527
v 1.01409995 0.73659998 0.07549999
v 0.99489998 0.72439998 0.02789999
v 0.97570002 0.71210002 0.02989999
v 1.01409995 0.73659998 0.02989999
v 0.97140002 0.72970002 -0.0858
v 0.97469997 0.73180002 -0.0669
v 0.86150002 0.91000002 -0.0669
v 0.85820001 0.90789997 -0.0858
v 0.98360002 0.73750001 -0.05079999
v 0.87050002 0.91570001 -0.05079999
v 1.0223 0.74180001 -0.1105
v 1.04159998 0.754 -0.10849999
v 1.04320001 0.75499999 -0.0858
v 1.0223 0.74180001 -0.0858
v 1.05239999 0.76880002 -0.10559999
v 1.05529999 0.77060002 -0.0858
v 0.98509997 0.72600001 -0.06589999
v 0.98860001 0.73439997 -0.05339999
v 0.98220002 0.72420001 -0.0858
v 1.03550005 0.75800001 -0.12559999
v 1.04330003 0.76910001 -0.11819999
v 1.01880002 0.74739998 -0.12909999
v 0.98360002 0.73750001 -0.1208
v 0.97469997 0.73180002 -0.10469999
v 0.86150002 0.91000002 -0.10469999
v 0.87050002 0.91570001 -0.1208
v 0.98509997 0.72600001 -0.10559999
v 1.00310003 0.72960001 -0.10859999
v 1.00139999 0.7285 -0.0858
v 0.98860001 0.73439997 -0.11819999
v 1.00199997 0.73680001 -0.12559999
v 1.01320004 0.75620001 -0.13519999
v 0.99720001 0.7461 -0.1313
v 0.88410002 0.92430001 -0.1313
v 0.89999997 0.93440002 -0.13529999
v 1.0223 0.74180001 -0.061
v 1.04149997 0.754 -0.063
v 1.03550005 0.75800001 -0.04589999
v 1.0187 0.74739998 -0.0425
v 1.05239999 0.76880002 -0.06589999
v 1.04330003 0.76910001 -0.05339999
v 1.04270005 0.77490001 -0.1207
v 1.02909994 0.76630002 -0.1313
v 0.91589999 0.94450002 -0.1313
v 0.92949998 0.95319998 -0.1208
v 1.00310003 0.72949999 -0.063
v 1.00199997 0.73669999 -0.04589999
v 0.99720001 0.7461 -0.04019999
v 1.01310002 0.75620001 -0.0363
v 0.89999997 0.93440002 -0.0363
v 0.88410002 0.92430001 -0.04019999
v 1.02909994 0.76630002 -0.04019999
v 1.04270005 0.77490001 -0.05079999
v 0.92949998 0.95319998 -0.05079999
v 0.91589999 0.94450002 -0.04019999
v 1.05159997 0.78060001 -0.0669
v 1.05490005 0.7827 -0.0858
v 0.94179999 0.9609 -0.0858
v 0.93849998 0.95880001 -0.0669
v 1.05159997 0.78060001 -0.10459999
v 0.93849998 0.95880001 -0.10459999
v 1.06599998 0.78979998 0.0197
v 1.06930005 0.79189997 0.0385
v 0.9562 0.97009998 0.0385
v 0.95289999 0.96799999 0.0196
v 1.07829999 0.79750001 0.0546
v 0.96509999 0.97579997 0.0546
v 1.11699998 0.80190002 -0.0051
v 1.13619995 0.81410002 -0.0031
v 1.13779997 0.81510001 0.0197
v 1.11699998 0.80190002 0.0197
v 1.14699995 0.82880002 -0.0002
v 1.14989996 0.83069998 0.0197
v 1.07969999 0.78609997 0.0395
v 1.08329999 0.79449999 0.05209999
v 1.0769 0.78430002 0.0197
v 1.13020002 0.81809997 -0.02019999
v 1.13800001 0.82920002 -0.0127
v 1.11339998 0.8075 -0.0236
v 1.07829999 0.79759997 -0.0153
v 1.06930005 0.79189997 0.0008
v 0.9562 0.97009998 0.0008
v 0.96509999 0.97579997 -0.0153
v 1.07969999 0.78609997 -0.0002
v 1.0977 0.78960001 -0.0031
v 1.09609997 0.78860002 0.0197
v 1.08329999 0.79449999 -0.0127
v 1.09660005 0.79680001 -0.02019999
v 1.1078 0.81629997 -0.0298
v 1.09189999 0.80620002 -0.0259
v 0.97869998 0.98439997 -0.0259
v 0.99470001 0.99449998 -0.0298
v 1.11699998 0.80180001 0.04439999
v 1.13619995 0.81410002 0.0425
v 1.13010001 0.81809997 0.0595
v 1.11339998 0.8075 0.063
v 1.14699995 0.82880002 0.0395
v 1.13800001 0.82920002 0.05209999
v 1.13730001 0.83499997 -0.0153
v 1.12370002 0.82639998 -0.0259
v 1.01059997 1.00460004 -0.0259
v 1.02419996 1.01329994 -0.0153
v 1.0977 0.78960001 0.04239999
v 1.09660005 0.79680001 0.0595
v 1.09189999 0.80620002 0.0652
v 1.1078 0.81629997 0.0691
v 0.99459999 0.99449998 0.0691
v 0.97869998 0.98439997 0.0652
v 1.12370002 0.82639998 0.0652
v 1.13730001 0.83499997 0.05469999
v 1.02419996 1.01329994 0.0546
v 1.01059997 1.00460004 0.0652
v 1.14629995 0.84069997 0.0386
v 1.14960002 0.84280002 0.0197
v 1.03639996 1.02100002 0.0197
v 1.0331 1.01890003 0.0385
v 1.14629995 0.84069997 0.0008
v 1.0331 1.01890003 0.0008
v -0.1525 2.3808 0.04039999
v 0.1525 2.3808 0.04039999
v -0.20209999 2.27080011 0.04039999
v 0.20209999 2.27080011 0.04039999
v -0.1525 2.16090011 0.04039999
v 0.1525 2.16090011 0.04039999
v -0.2028 2.3808 0.38269999
v 0.2028 2.3808 0.38269999
v -0.25240001 2.27080011 0.38269999
v 0.25240001 2.27080011 0.38269999
v -0.2028 2.16090011 0.38269999
v 0.2028 2.16090011 0.38269999
v -0.0539 2.42319989 0.04039999
v 0.0539 2.42319989 0.04039999
v 0.0539 2.11849999 0.04039999
v -0.0539 2.11849999 0.04039999
v -0.0916 2.42319989 0.38269999
v 0.0916 2.42319989 0.38269999
v 0.0916 2.11849999 0.38269999
v -0.0916 2.11849999 0.38269999
v -0.081 2.38400006 0.38269999
v 0.081 2.38400006 0.38269999
v -0.16789999 2.35260009 0.38269999
v -0.20469999 2.27080011 0.38269999
v -0.16789999 2.18919992 0.38269999
v -0.081 2.15770006 0.38269999
v 0.081 2.15770006 0.38269999
v 0.16789999 2.18919992 0.38269999
v 0.20469999 2.27080011 0.38269999
v 0.16789999 2.35260009 0.38269999
v 0.081 2.38400006 0.3145
v 0.16789999 2.35260009 0.3145
v 0.20469999 2.27080011 0.3145
v 0.16789999 2.18919992 0.3145
v 0.081 2.15770006 0.3145
v -0.081 2.15770006 0.3145
v -0.16789999 2.18919992 0.3145
v -0.20469999 2.27080011 0.3145
v -0.16789999 2.35260009 0.3145
v -0.081 2.38400006 0.3145
v 0 2.11389994 0.38269999
v 0 2.11389994 0.04039999
v 0 2.42770004 0.38269999
v 0 2.42770004 0.04039999
v 0.2377 2.33100009 0.38269999
v 0.1875 2.33100009 0.04039999
v 0.2377 2.21059989 0.38269999
v 0.1875 2.21059989 0.04039999
v -0.2377 2.21059989 0.38269999
v -0.1875 2.21059989 0.04039999
v -0.2377 2.33100009 0.38269999
v -0.1875 2.33100009 0.04039999
v -0.1567 2.40949988 0.38269999
v -0.10639999 2.40949988 0.04039999
v 0.1567 2.40949988 0.38269999
v 0.10639999 2.40949988 0.04039999
v 0.1567 2.1321001 0.38269999
v 0.10639999 2.1321001 0.04039999
v -0.1567 2.1321001 0.38269999
v -0.10639999 2.1321001 0.04039999
v 0 2.38739991 0.38269999
v -0.13369999 2.37389993 0.38269999
v -0.1939 2.31559991 0.38269999
v -0.1939 2.22609996 0.38269999
v -0.13369999 2.16790008 0.38269999
v 0 2.15429997 0.38269999
v 0.13369999 2.16790008 0.38269999
v 0.1939 2.22609996 0.38269999
v 0.1939 2.31559991 0.38269999
v 0.13369999 2.37389993 0.38269999
v 0.13369999 2.37389993 0.3145
v 0.1939 2.31559991 0.3145
v 0.1939 2.22609996 0.3145
v 0.13369999 2.16790008 0.3145
v 0 2.15429997 0.3145
v -0.13369999 2.16790008 0.3145
v -0.1939 2.22609996 0.3145
v -0.1939 2.31559991 0.3145
v -0.13369999 2.37389993 0.3145
v 0 2.38739991 0.3145
v -0.11509999 2.24429988 0.3145
v 0 2.27090001 0.3145
v -0.09969999 2.22239995 0.3145
v -0.0794 2.2097001 0.3145
v -0.04809999 2.20370006 0.3145
v 0 2.20169997 0.3145
v 0.04809999 2.20370006 0.3145
v 0.0794 2.2097001 0.3145
v 0.09969999 2.22239995 0.3145
v 0.11509999 2.24429988 0.3145
v 0.1216 2.27080011 0.3145
v 0.11509999 2.29739999 0.3145
v 0.09969999 2.31940007 0.3145
v 0.0794 2.33200001 0.3145
v 0.04809999 2.33809995 0.3145
v 0 2.34010005 0.3145
v -0.04809999 2.33809995 0.3145
v -0.0794 2.33200001 0.3145
v -0.09969999 2.31940007 0.3145
v -0.11509999 2.29739999 0.3145
v -0.1216 2.27080011 0.3145
v -0.0493 2.31809997 0.35100001
v -0.1507 2.31809997 0.35100001
v -0.0493 2.21679997 0.35100001
v -0.1507 2.21679997 0.35100001
v -0.1 2.33139991 0.36430001
v -0.164 2.33139991 0.3003
v -0.03599999 2.33139991 0.3003
v -0.1 2.35479998 0.3003
v -0.03599999 2.20339989 0.3003
v -0.03599999 2.26740002 0.36430001
v -0.0126 2.26740002 0.3003
v -0.164 2.20339989 0.3003
v -0.1 2.20339989 0.36430001
v -0.1 2.18000006 0.3003
v -0.164 2.26740002 0.36430001
v -0.18739999 2.26740002 0.3003
v -0.1 2.26740002 0.38769999
v -0.06989999 2.3269999 0.35989999
v -0.1 2.34899997 0.33520001
v -0.06509999 2.34899997 0.3003
v -0.04039999 2.3269999 0.33039999
v -0.0675 2.3434 0.3328
v -0.13009999 2.3269999 0.35989999
v -0.1596 2.3269999 0.33039999
v -0.1349 2.34899997 0.3003
v -0.13249999 2.3434 0.3328
v -0.0185 2.23250007 0.3003
v -0.04039999 2.20779991 0.33039999
v -0.04039999 2.23740005 0.35989999
v -0.0185 2.26740002 0.33520001
v -0.024 2.23499989 0.3328
v -0.04039999 2.29749989 0.35989999
v -0.0185 2.30229997 0.3003
v -0.024 2.29990005 0.3328
v -0.06509999 2.18589997 0.3003
v -0.1349 2.18589997 0.3003
v -0.1596 2.20779991 0.33039999
v -0.13009999 2.20779991 0.35989999
v -0.1 2.18589997 0.33520001
v -0.13249999 2.19140005 0.3328
v -0.06989999 2.20779991 0.35989999
v -0.0675 2.19140005 0.3328
v -0.1815 2.23250007 0.3003
v -0.1815 2.26740002 0.33520001
v -0.1596 2.23740005 0.35989999
v -0.17599999 2.23499989 0.3328
v -0.1815 2.30229997 0.3003
v -0.1596 2.29749989 0.35989999
v -0.17599999 2.29990005 0.3328
v -0.1 2.23250007 0.38190001
v -0.06509999 2.26740002 0.38190001
v -0.0675 2.23499989 0.3763
v -0.1349 2.26740002 0.38190001
v -0.13249999 2.23499989 0.3763
v -0.1 2.30229997 0.38190001
v -0.13249999 2.29990005 0.3763
v -0.0675 2.29990005 0.3763
v 0.0493 2.31809997 0.35100001
v 0.1507 2.31809997 0.35100001
v 0.0493 2.21679997 0.35100001
v 0.1507 2.21679997 0.35100001
v 0.1 2.33139991 0.36430001
v 0.164 2.33139991 0.3003
v 0.03599999 2.33139991 0.3003
v 0.1 2.35479998 0.3003
v 0.03599999 2.20339989 0.3003
v 0.03599999 2.26740002 0.36430001
v 0.0126 2.26740002 0.3003
v 0.164 2.20339989 0.3003
v 0.1 2.20339989 0.36430001
v 0.1 2.18000006 0.3003
v 0.164 2.26740002 0.36430001
v 0.18739999 2.26740002 0.3003
v 0.1 2.26740002 0.38769999
v 0.06989999 2.3269999 0.35989999
v 0.1 2.34899997 0.33520001
v 0.06509999 2.34899997 0.3003
v 0.04039999 2.3269999 0.33039999
v 0.0675 2.3434 0.3328
v 0.13009999 2.3269999 0.35989999
v 0.1596 2.3269999 0.33039999
v 0.1349 2.34899997 0.3003
v 0.13249999 2.3434 0.3328
v 0.0185 2.23250007 0.3003
v 0.04039999 2.20779991 0.33039999
v 0.04039999 2.23740005 0.35989999
v 0.0185 2.26740002 0.33520001
v 0.024 2.23499989 0.3328
v 0.04039999 2.29749989 0.35989999
v 0.0185 2.30229997 0.3003
v 0.024 2.29990005 0.3328
v 0.06509999 2.18589997 0.3003
v 0.1349 2.18589997 0.3003
v 0.1596 2.20779991 0.33039999
v 0.13009999 2.20779991 0.35989999
v 0.1 2.18589997 0.33520001
v 0.13249999 2.19140005 0.3328
v 0.06989999 2.20779991 0.35989999
v 0.0675 2.19140005 0.3328
v 0.1815 2.23250007 0.3003
v 0.1815 2.26740002 0.33520001
v 0.1596 2.23740005 0.35989999
v 0.17599999 2.23499989 0.3328
v 0.1815 2.30229997 0.3003
v 0.1596 2.29749989 0.35989999
v 0.17599999 2.29990005 0.3328
v 0.1 2.23250007 0.38190001
v 0.06509999 2.26740002 0.38190001
v 0.0675 2.23499989 0.3763
v 0.1349 2.26740002 0.38190001
v 0.13249999 2.23499989 0.3763
v 0.1 2.30229997 0.38190001
v 0.13249999 2.29990005 0.3763
v 0.0675 2.29990005 0.3763
v -0.1527 2.0841 -0.13809999
v -0.0823 2.0841 -0.1844
v 0 2.0841 -0.20149999
v -0.21699999 2.0841 0.015
v -0.19939999 2.0841 -0.06759999
v 0.1435 2.09066009 0.16809751
v 0.0810352 2.09757423 0.21402117
v 0 2.09772777 0.23025398
v 0.21699999 2.0841 0.015
v 0.2 2.0841 0.0977
v 0.0823 2.0841 -0.1844
v 0.1527 2.0841 -0.13809999
v -0.0810352 2.09757423 0.21402117
v -0.1435 2.09066009 0.16809751
v -0.2 2.0841 0.0977
v 0.19939999 2.0841 -0.06759999
v -0.15459999 1.93630003 -0.14069999
v -0.0834 1.93630003 -0.1875
v 0 1.93630003 -0.20479999
v -0.21879999 1.93630003 0.0139
v -0.20149999 1.93630003 -0.0696
v 0.14489999 1.92915916 0.16723533
v 0.08120865 1.92402529 0.21427717
v 0 1.92373538 0.23410026
v 0.21879999 1.93630003 0.0139
v 0.2016 1.93630003 0.0973
v 0.0834 1.93630003 -0.1875
v 0.15459999 1.93630003 -0.14069999
v -0.08120865 1.92402529 0.21427717
v -0.14489999 1.92915916 0.16723533
v -0.2016 1.93630003 0.0973
v 0.20149999 1.93630003 -0.0696
v -0.1535 2.01920008 -0.1393
v -0.08269999 2.01920008 -0.1858
v 0 2.01920008 -0.20299999
v -0.2178 2.01920008 0.0145
v -0.20029999 2.01920008 -0.06849999
v 0.17 2.01629996 0.1685
v 0.08309999 2.01920008 0.215
v 0 2.01920008 0.23209999
v 0.2178 2.01920008 0.0145
v 0.2007 2.01920008 0.09759999
v 0.0828 2.01920008 -0.1858
v 0.1535 2.01920008 -0.1393
v -0.08309999 2.01920008 0.215
v -0.17 2.01629996 0.1685
v -0.2007 2.01920008 0.09759999
v 0.20029999 2.01920008 -0.06849999
v 0.1464 2.01710009 0.18109999
v 0.0834 1.96309995 0.21529999
v 0.1329 1.96850001 0.18469999
v 0 1.96309995 0.2325
v -0.0834 1.96309995 0.21529999
v -0.1464 2.01710009 0.18109999
v -0.1329 1.96850001 0.18469999
v 0.08299999 2.05730009 0.2148
v 0.1341 2.05159997 0.18449999
v 0 2.05730009 0.2319
v -0.08299999 2.05730009 0.2148
v -0.1341 2.05159997 0.18449999
v 0.16349999 1.94229996 0.19509999
v 0.1515 1.96389997 0.21119999
v 0.1655 2.01785254 0.21236294
v 0.18909999 2.01729989 0.19827675
v 0.09733435 1.93082499 0.246
v 0.09404306 1.95952451 0.2459
v 0 1.95890581 0.26589998
v 0 1.9304248 0.26609998
v -0.09404306 1.95952451 0.2459
v -0.09733435 1.93082499 0.246
v -0.16349999 1.94229996 0.19509999
v -0.1515 1.96389997 0.21119999
v -0.18909999 2.01729989 0.19827675
v -0.1655 2.01785254 0.21236294
v 0.15482848 2.08652329 0.19449999
v 0.15279999 2.05789995 0.2106
v 0.08767885 2.06354069 0.24539999
v 0.09029678 2.09527373 0.24519999
v 0 2.06364083 0.2653
v 0 2.09610676 0.2651
v -0.08767885 2.06354069 0.24539999
v -0.09029678 2.09527373 0.24519999
v -0.15482848 2.08652329 0.19449999
v -0.15279999 2.05789995 0.2106
